Zona_1
400 15 30 20
405 16 32 21
402 14 31 19
399 13 29 18
400 15 30 20
400 15 30 20
400 15 30 20
400 15 30 20
400 15 30 20
400 15 30 20
400 15 30 20
400 15 30 20
400 15 30 20
400 15 30 20
400 15 30 20
400 15 30 20
400 15 30 20
400 15 30 20
400 15 30 20
400 15 30 20
400 15 30 20
400 15 30 20
400 15 30 20
400 15 30 20
400 15 30 20
400 15 30 20
400 15 30 20
400 15 30 20
400 15 30 20
400 15 30 20
Zona_2
420 18 35 22
419 17 34 22
418 16 33 21
420 17 34 22
420 18 35 23
420 18 35 23
420 18 35 23
420 18 35 23
420 18 35 23
420 18 35 23
420 18 35 23
420 18 35 23
420 18 35 23
420 18 35 23
420 18 35 23
420 18 35 23
420 18 35 23
420 18 35 23
420 18 35 23
420 18 35 23
420 18 35 23
420 18 35 23
420 18 35 23
420 18 35 23
420 18 35 23
420 18 35 23
420 18 35 23
420 18 35 23
420 18 35 23
420 18 35 23
Zona_3
400 15 30 20
405 16 32 21
402 14 31 19
399 13 29 18
400 15 30 20
400 15 30 20
400 15 30 20
400 15 30 20
400 15 30 20
400 15 30 20
400 15 30 20
400 15 30 20
400 15 30 20
400 15 30 20
400 15 30 20
400 15 30 20
400 15 30 20
400 15 30 20
400 15 30 20
400 15 30 20
400 15 30 20
400 15 30 20
400 15 30 20
400 15 30 20
400 15 30 20
400 15 30 20
400 15 30 20
400 15 30 20
400 15 30 20
400 15 30 20
Zona_4
420 18 35 22
419 17 34 22
418 16 33 21
420 17 34 22
420 18 35 23
420 18 35 23
420 18 35 23
420 18 35 23
420 18 35 23
420 18 35 23
420 18 35 23
420 18 35 23
420 18 35 23
420 18 35 23
420 18 35 23
420 18 35 23
420 18 35 23
420 18 35 23
420 18 35 23
420 18 35 23
420 18 35 23
420 18 35 23
420 18 35 23
420 18 35 23
420 18 35 23
420 18 35 23
420 18 35 23
420 18 35 23
420 18 35 23
420 18 35 23
Zona_5
400 15 30 20
405 16 32 21
402 14 31 19
399 13 29 18
400 15 30 20
400 15 30 20
400 15 30 20
400 15 30 20
400 15 30 20
400 15 30 20
400 15 30 20
400 15 30 20
400 15 30 20
400 15 30 20
400 15 30 20
400 15 30 20
400 15 30 20
400 15 30 20
400 15 30 20
400 15 30 20
400 15 30 20
400 15 30 20
400 15 30 20
400 15 30 20
400 15 30 20
400 15 30 20
400 15 30 20
400 15 30 20
400 15 30 20
400 15 30 20